source:HMD						
						
Age	POP_Female	POP_Male	DEATH_Female	DEATH_Male	ax_Female	ax_Male
0	433371.16	455704.43	762.1	892.5	0.15	0.15
1	453955.03	477123.77	140.0	138.1	0.5	0.5
2	465898.79	490374.1	77.0	80.0	0.5	0.5
3	471405.92	495232.48	60.0	68.0	0.5	0.5
4	469737.7	491806.66	51.0	51.0	0.5	0.5
5	474021.02	496081.92	46.0	44.0	0.5	0.5
6	485670.15	507892.41	37.0	32.0	0.5	0.5
7	493560.68	517154.26	35.0	47.0	0.5	0.5
8	503579.69	529101.8	24.0	42.0	0.5	0.5
9	507304.96	533442.03	28.0	44.0	0.5	0.5
10	514668.08	540792.23	27.0	27.0	0.5	0.5
11	518867.04	544948.4	34.0	54.0	0.5	0.5
12	516792.73	542324.64	35.0	42.0	0.5	0.5
13	513562.43	538536.25	45.0	54.0	0.5	0.5
14	523683.34	548656.28	49.0	59.0	0.5	0.5
15	535796.96	561791.64	67.0	91.1	0.5	0.5
16	547488.74	575292.05	64.0	105.1	0.5	0.5
17	562247.21	591463.63	78.0	170.1	0.5	0.5
18	568503.58	600515.3	95.0	181.1	0.5	0.5
19	574753.86	608736.16	102.0	224.1	0.5	0.5
20	582396.86	616539.47	110.0	259.1	0.5	0.5
21	581885.63	615842.36	122.0	290.2	0.5	0.5
22	578660.24	612555.52	135.0	318.2	0.5	0.5
23	574219.06	606790.96	128.0	278.1	0.5	0.5
24	584511.58	615488.97	117.0	285.2	0.5	0.5
25	572216.38	601419.44	119.0	252.1	0.5	0.5
26	570972.36	599377.02	134.0	260.1	0.5	0.5
27	570918.92	598090.35	158.0	264.1	0.5	0.5
28	571283.51	596154.65	123.0	272.1	0.5	0.5
29	586090.04	609607.15	149.0	324.2	0.5	0.5
30	604213.13	628652.1	161.0	380.2	0.5	0.5
31	617085.35	642500.74	181.0	345.2	0.5	0.5
32	639881.93	666296.77	208.0	374.2	0.5	0.5
33	657576.14	683035.89	215.0	420.2	0.5	0.5
34	684285.78	707346.92	252.1	442.2	0.5	0.5
35	702705.17	725557.55	289.1	474.2	0.5	0.5
36	713160.99	736719.17	313.1	509.3	0.5	0.5
37	713598.22	737372.55	310.1	550.3	0.5	0.5
38	731333.55	756076.97	338.1	606.3	0.5	0.5
39	760995.51	787485.84	376.1	712.4	0.5	0.5
40	782805.38	810156.96	449.1	785.4	0.5	0.5
41	813019.01	840729.85	526.1	843.4	0.5	0.5
42	838909.7	867519.31	570.1	924.5	0.5	0.5
43	880473.03	909963.91	620.1	1107.6	0.5	0.5
44	927767.78	958895.74	759.1	1230.6	0.5	0.5
45	962892.75	993415.55	884.2	1450.7	0.5	0.5
46	974797.51	1004253.88	953.2	1593.8	0.5	0.5
47	952705.51	981600.22	1035.2	1810.9	0.5	0.5
48	924491.61	951192.69	1141.2	1901.0	0.5	0.5
49	901872.28	926348.66	1209.2	2050.0	0.5	0.5
50	896140.42	918211.4	1268.2	2250.1	0.5	0.5
51	860050.31	879238.3	1375.3	2427.2	0.5	0.5
52	827797.09	843353.55	1338.3	2407.2	0.5	0.5
53	759092.55	770199.15	1351.3	2512.3	0.5	0.5
54	804616.98	814810.08	1567.3	3055.6	0.5	0.5
55	783090.07	791518.93	1565.3	3028.5	0.5	0.5
56	767208.73	772761.99	1654.3	3420.7	0.5	0.5
57	748876.14	751342.29	1820.3	3601.8	0.5	0.5
58	739659.17	738384.5	1932.4	3934.0	0.5	0.5
59	746155.96	740776.83	2145.4	4298.2	0.5	0.5
60	759297.56	749667.04	2215.4	4890.5	0.5	0.5
61	732295.61	718708.61	2322.4	5177.6	0.5	0.5
62	739495.41	722242.13	2515.5	5520.8	0.5	0.5
63	761774.71	740671.07	2796.5	6356.2	0.5	0.5
64	783891.1	757891.74	3086.6	7280.7	0.5	0.5
65	799846.19	766216.58	3466.6	7762.9	0.5	0.5
66	850068.04	806096.16	4050.8	9421.8	0.5	0.5
67	898690.61	845066.35	4656.9	10576.4	0.5	0.5
68	971716.85	905539.35	5515.0	12618.4	0.5	0.5
69	1030461.36	950246.46	6565.2	14888.6	0.5	0.5
70	1085398.02	990780.59	7516.4	17071.7	0.5	0.5
71	1089303.12	985449.21	8370.6	18379.3	0.5	0.5
72	941977.33	841456.75	8007.5	17235.8	0.5	0.5
73	660921.22	576482.38	5977.1	12398.3	0.5	0.5
74	727606.01	619691.19	7521.4	15535.9	0.5	0.5
75	840376.15	703136.9	9898.8	19222.8	0.5	0.5
76	807810.93	665718.01	10468.9	19890.1	0.5	0.5
77	830799.1	673088.6	12119.3	22206.3	0.5	0.5
78	767569.92	609620.88	13087.4	22160.2	0.5	0.5
79	690100.87	535713.05	13071.4	21707.0	0.5	0.5
80	623458.71	470319.91	13677.5	21246.8	0.5	0.5
81	660751.3	481732.42	16798.1	25246.8	0.5	0.5
82	635532.62	447090.79	18797.5	26327.4	0.5	0.5
83	635057.28	428816.75	21522.0	28073.2	0.5	0.5
84	573530.48	367983.77	23047.3	27679.0	0.5	0.5
85	542785.27	329931.49	24495.6	27750.1	0.5	0.5
86	514662.65	294759.25	27569.1	28347.4	0.5	0.5
87	465206.73	251055.94	28999.4	27949.2	0.5	0.5
88	432065.98	217703.42	31252.8	26816.6	0.5	0.5
89	373382.67	174195.81	31324.8	24600.5	0.5	0.5
90	339416.91	147627.8	33235.2	23065.7	0.5	0.5
91	288721.18	116976.93	32550.0	20298.3	0.5	0.5
92	249265.27	93248.58	32023.9	17985.1	0.5	0.5
93	210551.83	71084.13	31017.8	15251.7	0.5	0.5
94	168459.33	50123.73	28294.3	11869.0	0.5	0.5
95	130972.42	33889.26	24740.6	8946.5	0.5	0.5
96	101178.08	22247.69	21495.0	6377.2	0.5	0.5
97	76588.48	14855.85	18199.4	4642.4	0.5	0.5
98	56022.1	9887.01	14949.8	3424.7	0.5	0.5
99	39162.87	6454	11471.1	2455.3	0.5	0.5
100	23799.2	3640.68	7825.5	1495.8	0.5	0.5
101	16221.37	2291.21	5783.1	978.5	0.5	0.5
102	10588.02	1383.19	4154.8	657.3	0.5	0.5
103	6668.85	824.12	2838.5	389.2	0.5	0.5
104	3943.22	461.38	1908.4	257.1	0.5	0.5
105	2262.92	246.2	1127.2	145.1	0.5	0.5
106	1228.1	117	642.1	81.0	0.5	0.5
107	652.9	52.56	349.1	35.0	0.5	0.5
108	335.69	24.67	191.0	15.0	0.5	0.5
109	161.15	9.92	98.0	8.0	0.5	0.5
110+	163.32	7.54	103.0	7.0	1.42	1.37
