source:HMD						
						
Age	POP_Female	POP_Male	DEATH_Female	DEATH_Male	ax_Female	ax_Male
0	81702.1	87757.8	296	379	0.14	0.14
1	91804.1	98433.5	24	28	0.5	0.5
2	98362.2	105714.2	15	24	0.5	0.5
3	102670.6	110696.8	10	24	0.5	0.5
4	103816.2	111502.2	14	12	0.5	0.5
5	99553.7	106636.8	12	17	0.5	0.5
6	104969.5	112694.5	6	11	0.5	0.5
7	105581.7	113474.8	8	15	0.5	0.5
8	88759.7	96147.7	8	10	0.5	0.5
9	87279.5	94854.5	10	7	0.5	0.5
10	94335.1	102830.6	11	10	0.5	0.5
11	96690.6	105864.6	10	10	0.5	0.5
12	98518.6	107880.5	13	6	0.5	0.5
13	99195.6	108287.6	11	17	0.5	0.5
14	101819.1	111526.6	20	16	0.5	0.5
15	106113.6	116846.6	15	35	0.5	0.5
16	112908.5	123850.0	17	42	0.5	0.5
17	120328.6	131027.7	32	57	0.5	0.5
18	134709.4	146422.4	36	108	0.5	0.5
19	140660.5	153336.9	45	91	0.5	0.5
20	131594.0	142908.5	38	97	0.5	0.5
21	141393.9	152972.6	27	99	0.5	0.5
22	154431.5	167010.2	51	101	0.5	0.5
23	155043.3	166739.8	38	111	0.5	0.5
24	154962.0	166558.1	53	89	0.5	0.5
25	155351.4	166852.4	42	103	0.5	0.5
26	154433.4	166385.7	36	90	0.5	0.5
27	151747.5	164968.0	45	108	0.5	0.5
28	155188.4	168635.6	59	103	0.5	0.5
29	154125.2	165744.6	48	119	0.5	0.5
30	156712.3	166423.3	56	120	0.5	0.5
31	157228.7	165695.9	74	142	0.5	0.5
32	149475.8	154673.9	72	141	0.5	0.5
33	159133.7	161061.1	74	204	0.5	0.5
34	176354.6	176786.4	99	191	0.5	0.5
35	186971.1	185931.0	83	214	0.5	0.5
36	196766.8	193373.9	131	268	0.5	0.5
37	205346.0	201100.6	142	313	0.5	0.5
38	207118.0	201995.1	160	345	0.5	0.5
39	208086.8	202750.5	163	436	0.5	0.5
40	207013.3	202267.3	210	471	0.5	0.5
41	199577.0	193691.0	175	468	0.5	0.5
42	202679.4	196599.4	195	577	0.5	0.5
43	196693.7	190257.1	213	569	0.5	0.5
44	181283.4	174141.1	193	599	0.5	0.5
45	178765.3	172368.5	245	623	0.5	0.5
46	178351.8	171422.8	249	696	0.5	0.5
47	180513.1	173443.5	311	740	0.5	0.5
48	184455.3	178572.1	326	848	0.5	0.5
49	186416.5	181010.6	365	982	0.5	0.5
50	185791.7	180930.2	388	979	0.5	0.5
51	180254.0	176226.5	418	1082	0.5	0.5
52	181924.8	177307.8	418	1078	0.5	0.5
53	187165.8	181326.6	479	1216	0.5	0.5
54	187111.4	181178.1	524	1332	0.5	0.5
55	190010.2	183133.7	513	1332	0.5	0.5
56	189801.6	182163.7	587	1524	0.5	0.5
57	186110.5	178817.3	618	1602	0.5	0.5
58	183258.6	175701.6	712	1660	0.5	0.5
59	181370.2	172643.3	724	1750	0.5	0.5
60	177729.1	167787.7	764	1757	0.5	0.5
61	170459.7	159785.0	770	1714	0.5	0.5
62	168587.9	157293.4	838	1829	0.5	0.5
63	168474.2	157217.0	939	1990	0.5	0.5
64	161745.1	149677.9	1056	2041	0.5	0.5
65	154059.6	141211.5	1020	1987	0.5	0.5
66	148686.0	135852.9	997	2109	0.5	0.5
67	147389.4	133502.8	1127	2310	0.5	0.5
68	135828.1	122344.1	1191	2178	0.5	0.5
69	118820.8	106479.9	1154	2067	0.5	0.5
70	106546.4	94687.3	1229	2149	0.5	0.5
71	92770.7	81825.6	1094	1845	0.5	0.5
72	77897.8	67685.8	1105	1788	0.5	0.5
73	65534.3	55871.5	995	1456	0.5	0.5
74	66245.8	55859.2	1218	1874	0.5	0.5
75	70721.8	59003.4	1384	2120	0.5	0.5
76	69572.7	56879.7	1561	2074	0.5	0.5
77	67734.2	54480.9	1688	2233	0.5	0.5
78	66223.8	52086.7	1882	2386	0.5	0.5
79	63048.6	47879.4	2030	2471	0.5	0.5
80	57500.2	42652.7	2067	2453	0.5	0.5
81	52851.0	38324.8	2317	2450	0.5	0.5
82	48535.7	34509.0	2387	2607	0.5	0.5
83	44401.0	31094.8	2438	2526	0.5	0.5
84	40477.5	28109.2	2586	2673	0.5	0.5
85	35697.2	25286.5	2550	2555	0.5	0.5
86	31477.5	23332.9	2643	2578	0.5	0.5
87	28095.4	21923.0	2631	2710	0.5	0.5
88	24658.4	20263.3	2487	2707	0.5	0.5
89	21048.3	17813.1	2623	2692	0.5	0.5
90	17557.9	14920.2	2404	2435	0.5	0.5
91	14255.6	12096.7	2052	2142	0.5	0.5
92	11556.6	9633.3	1879	1834	0.5	0.5
93	8967.3	7370.0	1686	1541	0.5	0.5
94	6634.8	5411.4	1377	1226	0.5	0.5
95	4861.4	3811.1	1074	937	0.5	0.5
96	3613.9	2657.9	880	675	0.5	0.5
97	2704.0	1928.7	731	509	0.5	0.5
98	1796.0	1311.3	547	384	0.5	0.5
99	1112.0	822.7	320	243	0.5	0.5
100	700.2	506.8	244.46	190.86	0.5	0.5
101	445.3	311.6	169.25	127.61	0.5	0.5
102	262.9	176.4	106.58	78.12	0.5	0.5
103	144.1	94.6	61.62	44.21	0.5	0.5
104	83.2	54.0	37.41	25.91	0.5	0.5
105	46.7	29.5	21.85	14.83	0.5	0.5
106	24.2	15.1	12.08	8.21	0.5	0.5
107	11.4	6.9	6.25	4.18	0.5	0.5
108	4.7	2.6	3.16	1.92	0.5	0.5
109	1.4	0.7	1.58	0.91	0.5	0.5
110+	0.2	0.1	0.75	0.27	1.46	1.59
